-------------------|---------|----------|---------|---------|-------------------
File               | % Stmts | % Branch | % Funcs | % Lines | Uncovered Line #s 
-------------------|---------|----------|---------|---------|-------------------
All files          |    98.3 |    91.46 |   98.48 |   99.01 |                   
 src               |    90.9 |      100 |   66.66 |    90.9 |                   
  app.setup.ts     |   85.71 |      100 |   66.66 |   85.71 | 58                
 ...infrastructure |     100 |    91.66 |     100 |     100 |                   
  ...repository.ts |     100 |    92.85 |     100 |     100 | 21                
  ...-directory.ts |     100 |       90 |     100 |     100 | 26                
 src/common        |    92.3 |       75 |     100 |     100 |                   
  transforms.ts    |    87.5 |       75 |     100 |     100 | 13-15             
 src/common/auth   |   97.87 |    84.61 |     100 |   97.82 |                   
  ...r.resolver.ts |     100 |       90 |     100 |     100 | 23                
  caller.ts        |   91.66 |    83.33 |     100 |    90.9 | 32                
  ...rter.guard.ts |     100 |       75 |     100 |     100 | 12                
  officer.guard.ts |     100 |       75 |     100 |     100 | 12                
 ...common/filters |   88.88 |       75 |     100 |   95.65 |                   
  ...ion.filter.ts |   88.88 |       75 |     100 |   95.65 | 32                
 src/config        |   97.87 |    96.96 |     100 |     100 |                   
  env.ts           |   97.77 |    96.96 |     100 |     100 | 48                
 ...hazard-reports |     100 |    97.22 |     100 |     100 |                   
  ...ts.service.ts |     100 |    95.83 |     100 |     100 | 169               
 ...infrastructure |     100 |    97.43 |     100 |     100 |                   
  ...repository.ts |     100 |    97.43 |     100 |     100 | 49                
 ...azard-warnings |   99.37 |    98.85 |   97.72 |   99.31 |                   
  ...ts.service.ts |     100 |    95.45 |     100 |     100 | 53                
  ...controller.ts |      96 |      100 |   92.85 |      96 | 65                
 .../dissemination |     100 |    88.57 |     100 |     100 |                   
  ...rt.channel.ts |     100 |       50 |     100 |     100 | 11                
  ...ure-switch.ts |     100 |       75 |     100 |     100 | 19                
  sms.channel.ts   |     100 |       50 |     100 |     100 | 12                
  ...sseminator.ts |     100 |       96 |     100 |     100 | 42                
 ...arnings/domain |   96.77 |    88.52 |   96.55 |   98.18 |                   
  ...ing.mapper.ts |     100 |       70 |     100 |     100 | 110-113           
  warning-rules.ts |   96.36 |    92.15 |   95.65 |   97.91 | 63                
 ...d-warnings/dto |   88.88 |      100 |      50 |   88.88 |                   
  ...ction.dtos.ts |   85.71 |      100 |      50 |   85.71 | 52                
 ...infrastructure |   94.73 |     86.2 |     100 |   96.92 |                   
  ...repository.ts |   94.11 |    86.74 |     100 |   96.55 | 165,237           
  ...repository.ts |     100 |       75 |     100 |     100 | 12                
 src/health        |     100 |     87.5 |     100 |     100 |                   
  ...controller.ts |     100 |       75 |     100 |     100 | 8                 
 src/notifications |     100 |    88.88 |     100 |     100 |                   
  ...on.service.ts |     100 |     87.5 |     100 |     100 | 21,26             
 ...infrastructure |     100 |       90 |     100 |     100 |                   
  ...repository.ts |     100 |       90 |     100 |     100 | 33                
 src/prisma        |     100 |    83.33 |     100 |     100 |                   
  ...ma.service.ts |     100 |       50 |     100 |     100 | 8                 
  references.ts    |     100 |       90 |     100 |     100 | 11                
 src/storage       |     100 |    89.47 |     100 |     100 |                   
  ...to-storage.ts |     100 |       80 |     100 |     100 | 20,60             
-------------------|---------|----------|---------|---------|-------------------

